%PID
Kp = 0.0775413551187216;
Ki = 0.00452370751983004;
Kd = 0.295320249348833;
N = 1142.8279760416;

%センサーの初期角度
initial_angle = 5; %[deg]

%センサーが0°から白線から遠ざかる方向に何度傾いたら見えなくなるか．センサーが0°から白線に近づく方向に何度傾いたら
theta_l = 3; 