%PIDゲイン
% PID
Kp = 2.78973329471817;
Ki = 1.30600745651934;
Kd = 1.46326506305747;
N = 54.5397025421619;


% PI
% Kp = 15.0221728498415;
% Ki = 2.62914864645977;
% Kd = 0;


%PD
% Kp = 3.14959848633765;
% Ki = 0;
% Kd = 1.46636698535359;
% N = 1142.8279760416;

%センサーの初期角度
initial_angle = 10; %[deg]